Epoch: 001, LR: 0.001000, Loss: -25.0710634, Sup_loss:1.0994701, Unsup_loss:-26.1699807,Sup_usup_loss:-55.2835056, Validation MAE: 1.4730656, Test MAE: 1.5012187,
Epoch: 002, LR: 0.001000, Loss: -28.5340419, Sup_loss:0.2137735, Unsup_loss:-28.7471388,Sup_usup_loss:-67.6554767, Validation MAE: 2.5143267, Test MAE: 1.5012187,
Epoch: 003, LR: 0.001000, Loss: -28.4960453, Sup_loss:0.0894701, Unsup_loss:-28.5848459,Sup_usup_loss:-66.9563828, Validation MAE: 0.8877188, Test MAE: 0.8943612,
